075041
093000
001027
051027
010032
019000
145000
077001
051005
009021
036007
063000
034000
018020
073006
022009
100034
150040
129000
111000
089001
053000
118004
064055
150062
121028
037008
107022
094023
150010
010009
033000
150082
115008
089008
005000
078074
036000
032000
001001
150100
078072
150059
008000
078054
073012
113015
021000
143000
006054
021002
150067
078057
031040
085008
150015
073018
150033
149030
066000
073000
001030
076000
048008
062000
117020
112000
105004
150075
009002
079020
077000
150022
098017
068009
007001
134014
100004
020000
001136
150026
125000
009003
017000
002000
083000
150069
150107
058000
023000
070000
003043
048000
108030
003042
150042
150088
003079
010067
064056
098000
146000
001000
003077
121060
