077022
027008
104000
134014
086002
018039
001030
108002
001206
077009
002030
003042
077000
086011
078074
021002
005000
150062
021003
070025
111022
036009
064055
039002
114014
001018
002008
027004
149030
073006
077002
001032
087012
150088
087003
053000
026028
078064
034000
001008
073000
118004
117020
087015
063000
041000
001157
091054
032016
150026
108030
001125
016011
077020
002034
001136
003009
073014
003080
010007
032000
047008
064005
003085
026074
019000
150033
068028
002141
001054
070000
150059
003043
073012
001109
150015
086003
100004
038007
087019
078048
127000
078000
085055
077011
001014
141001
085054
098033
077013
025004
079018
036010
075041
001001
048072
001096
085053
030102
001027
066009
015000
075052
030042
133001
036013
077030
129001
087024
033001
150082
087000
077169
035000
026063
020007
088013
002106
077021
131006
085051
077029
009021
002018
078015
086000
001114
111000
078057
002050
077026
002022
079000
058000
086016
087004
007001
003077
003011
066000
020011
089008
030005
001230
062001
077024
002058
010067
134006
001086
062000
143000
121028
075045
033000
098000
001072
083000
150067
075042
006054
077003
003091
077008
150022
002151
064056
051027
029004
051005
023017
077006
002091
003133
048008
146000
129000
116005
077019
075044
077001
108006
105004
048044
085024
077018
078072
001184
076000
077028
086010
077012
086012
087002
150040
068015
075050
085056
098017
029043
093001
094023
037018
009002
075051
145003
002038
086006
111007
066001
141002
085048
093000
087007
003118
003079
110000
021008
098018
018033
107021
003049
036007
113015
145000
010032
009003
001173
048106
002000
018031
115008
150069
100034
134003
112000
017000
037008
001000
079020
023000
063021
001004
070022
003090
001176
025000
029018
086014
018020
018053
003059
085008
031000
010064
010009
150100
077005
077031
036011
001106
075049
150010
022000
010001
131001
076002
020000
040000
068009
077016
087008
089001
002025
001148
020005
021000
076001
022009
125000
077007
048000
150107
077027
063060
073018
121060
150075
020019
031040
001166
044001
003057
001135
086008
078054
038000
036000
063013
067002
008000
004055
017001
150042
126004
107022
