075041
093000
131001
001027
002030
002058
003049
010007
051027
064005
038007
085024
010032
019000
114014
145000
018039
003080
077001
079000
002141
134003
051005
111022
087024
009021
063021
036007
036011
066001
063000
034000
015000
018020
129001
073006
022009
086010
100034
141001
150040
010064
129000
093001
077169
003118
001206
111000
089001
053000
118004
035000
001230
141002
126004
064055
150062
017001
121028
037008
107022
094023
001135
150010
010009
030102
033000
150082
115008
089008
005000
078074
036000
026028
032000
038000
001148
001001
150100
078072
003009
150059
003057
008000
078054
073012
040000
113015
131006
078000
021000
047008
110000
143000
006054
021002
150067
078064
001014
078057
031040
001114
001109
010001
085008
150015
073018
150033
002106
016011
079018
149030
078015
066000
073000
003059
032016
001030
076000
048008
062000
029004
117020
112000
003011
105004
048072
062001
150075
025000
108002
041000
003085
067002
031000
107021
009002
079020
077000
048106
104000
150022
001125
098017
068009
007001
063060
134014
127000
100004
098033
134006
020000
030005
001136
111007
026063
150026
098018
063013
125000
009003
073014
017000
002034
091054
002000
083000
150069
088013
150107
001096
078048
058000
023000
001166
070000
003043
003133
048000
108030
003042
002038
150042
150088
003079
002018
010067
064056
098000
133001
002050
146000
001000
003077
121060
